139006
186030
201802
202343
202807
237950
238240
240155
246919
251231
261349
262529
265659
393443
395536
400672
419362
795537
797956
817235
842436
842533
846937
847683
901663
978333
980462
1001410
1013374
1017717
1018270
1029540
1031263
1032221
1044775
1050751
1054857
1100802
1137862
1174665
1199474
1199519
1200625
1202063
1203490
1204125
1239135
1239956
1245101
1249957
1252276
1252873
1283573
1288205
1288381
1290982
1292062
1294518
1296470
1309833
1336731
1338651
1353158
1372675
1374315
1389003
1433661
1468736
1470302
1473207
1477892
1500269
1513978
1516081
1516187
1518873
1519574
1520992
1521799
1522946
1523831
1525837
1585589
1730903
1763515
1807013
1830181
1860922
1887557
1890241
1914268
1936962
2115376
2149580
2158657
2165380
2198367
2253919
2403666
2429163
2458444
2460421
2670101
2672272
2760007
2846678
3007191
3086279
3092097
3155507
3180395
3222630
3225664
3245808
3259308
3260468
3265878
3309112
3335134
3357290
3382045
3425765
3425803
3467718
3498075
3511278
3560516
3564228
3575843
3618799
3716601
3734415
3756578
3756725
3760909
3767872
3779732
3800817
3801316
3822041
3824759
3863805
3872447
3885450
3890899
3922194
3954308
3974235
4006127
4011473
4014723
4028216
4051532
4052221
4070383
4073461
4113591
4146867
4147329
4182742
4315817
4422079
4580802
4620891
4740040
4740718
4741066
4744195
4777283
4793119
4797319
4802001
4803563
4812529
4821520
4829124
4844914
4865216
4865582
4901531
4904258
4909078
4910502
4911817
4918134
4920706
4922545
4924259
4924968
4927334
4929879
4933924
4986493
4989683
4991210
4994738
5002792
5008757
5009745
5016361
5035158
5045146
5045820
5050963
5063671
5099142
5103091
5138496
5150468
5156569
5162289
5168594
5171220
5174302
5179411
5179716
5191877
5197725
5202581
5202697
5203708
5208725
5211407
5218384
5220133
5221403
5238223
5249412
5252939
5255012
5255549
5275471
5281099
5285093
5331885
5368162
5372332
5373900
5380065
5406679
5408397
5410737
5417203
5427390
5427645
5429640
5437897
5445425
5446463
5447833
5452315
5452833
5454776
5463373
5466924
5479344
5488404
5529829
5533606
5542072
5558755
5561284
5574102
5586405
5605256
5607701
5631496
5642975
5679937
5702633
5718722
5722393
5724796
5728065
5740804
5742643
5746589
5760309
5761321
5768241
5768266
5770425
5790671
5791652
5795286
5799977
5807931
5809698
5811061
5816367
5828468
5834274
5922744
5927001
5928439
5936631
5942612
5944849
5950962
5957672
5961669
5976524
5976796
5997427
6029203
6043164
6045045
6143976
6169217
6181861
6185709
6187693
6356056
6363359
6372035
6385836
6394685
6396387
6444356
6446900
6455325
6517145
6519932
6524903
6529298
6549798
6571914
6575155
6577358
6579550
6585720
6598677
6599077
6603300
6633847
6636149
6645314
6652057
6656248
6668271
6671164
6685122
6687677
6693915
6696882
6723975
6783279
6796874
6815323
6830792
6860223
6898953
6927628
6943473
6945755
6959470
6986980
6995848
6999107
7013652
7016636
7035313
7065138
7090920
7120067
7171184
7171762
7262626
7266165
7274888
7301473
7376110
7400165
7451793
7454468
7455316
7459926
7465940
7468035
7495322
7495917
7501619
7501988
7513604
7515037
7516370
7522980
7523711
7530222
7539719
7540678
7540692
7587676
7610303
7707393
7708333
7709957
7710320
7741817
7748408
7752579
7770878
7770946
7777918
7785016
7785111
7802308
7843197
7844765
7887636
7895027
7905069
7918212
7932373
7973819
8035587
8035602
8046930
8049073
8054152
8062503
8072741
8083331
8091740
8099226
8114004
8124268
8127370
8149699
8170673
8177258
8210980
8234035
8234136
8237250
8250585
8288108
8310669
8312553
8319826
8322082
8322665
8326268
8330225
8523403
8529096
8559381
8582700
8583696
8626634
8630778
8662915
8665633
8684879
8693462
8694151
8698127
8701428
8702977
8711699
8712629
8716049
8764909
8796941
8797340
8804257
8805328
8805749
8808684
8815251
8819518
8822109
8873626
8881777
8886085
8888184
8891529
8894919
8903263
8938989
8960191
8975981
9025558
9061301
9062433
9063487
9072117
9078493
9082232
9087454
9094575
9098858
9105978
9107284
9109273
9110590
9111024
9130862
9132724
9135443
9135493
9135864
9139304
9139391
9139762
9143566
9153131
9155886
9156620
9156790
9194654
9220701
9223151
9224065
9224583
9225862
9227290
9227355
9242982
9249349
9253084
9253099
9253540
9255974
9256029
9257533
9260883
9263608
9264957
9294168
9305184
9340542
9353961
9413457
9433116
9441977
9447678
9448025
9453819
9454671
9456579
9458547
9460132
9460526
9476164
9479520
9480134
9492850
9493269
9518347
9519884
10013646
10018120
10020906
10021007
10022462
10022559
10025060
10025104
10032369
10032371