184923
185234
185501
185504
186089
186165
186357
186590
200650
200934
201003
201197
201262
201713
201771
201905
202299
202532
234352
234492
234827
235580
236201
236411
236588
236874
237560
237658
237868
238197
238269
239517
239627
239805
240279
240542
240609
240962
241632
242541
245627
247633
248413
248707
251282
252909
253907
255879
261637
262166
262249
262504
263238
263982
266898
267411
272247
283281
283354
283885
283891
283946
284013
284307
284456
284658
284836
285347
364254
393878
396751
398060
398306
398654
398746
398775
400451
400486
400523
400749
403378
403934
419240
423507
430133
432926
489117
492123
666094
691461
691559
793132
793387
807662
809089
810287
810950
816435
822912
829298
829461
831413
832726
835912
838594
840417
844866
847488
848910
849452
852886
853718
862521
897847
901623
905261
906138
975687
977493
980471
993085
995369
998060
999128
999948
1000815
1002010
1003326
1005001
1005548
1006331
1007497
1008287
1014641
1016084
1019080
1019800
1020133
1020254
1020486
1022615
1023134
1024059
1026911
1028791
1029909
1030261
1031986
1032101
1032377
1033360
1036232
1036770
1041553
1041687
1042645
1043423
1043487
1044294
1045193
1045630
1049927
1053387
1054407
1055202
1055372
1055713
1058194
1058518
1061776
1064250
1071683
1074804
1089975
1091384
1109189
1116417
1125650
1126711
1137855
1139016
1139913
1139975
1150843
1151946
1155285
1155535
1156102
1158774
1160281
1162874
1166611
1168042
1172778
1173122
1173821
1174835
1175152
1178918
1179643
1179842
1180001
1180033
1180196
1197581
1197868
1198888
1199308
1199316
1199446
1199622
1201208
1201744
1203216
1205643
1213178
1216132
1239379
1240498
1241900
1242999
1243360
1243788
1243834
1244246
1244251
1244257
1244501
1244987
1245017
1245218
1245357
1248125
1249991
1250107
1250110
1250455
1251950
1252341
1252417
1252636
1252762
1252845
1256252
1257701
1273352
1275500
1276351
1281849
1282331
1282828
1284617
1286641
1288627
1288898
1289295
1289614
1289872
1290139
1290198
1290848
1291345
1292625
1293434
1293729
1293776
1294106
1295447
1295892
1296238
1296600
1296638
1296700
1297026
1297080
1297129
1297162
1311323
1312269
1315396
1315714
1315794
1316676
1316754
1324551
1325518
1325747
1325917
1326376
1328239
1328532
1330163
1334191
1336607
1339065
1339259
1339449
1340372
1342042
1343072
1344821
1345811
1347264
1347603
1349727
1349839
1349896
1350284
1350372
1351512
1351675
1352497
1353164
1353219
1354465
1356590
1357732
1358326
1362552
1363416
1363937
1364819
1366023
1366792
1366904
1367212
1367230
1367463
1367998
1368043
1368122
1368631
1370041
1371422
1372272
1372539
1373027
1373626
1374158
1374653
1374903
1375818
1376883
1377392
1377463
1377544
1377900
1380026
1383084
1383195
1383434
1383680
1384623
1384705
1384768
1384852
1385202
1385277
1385637
1385868
1385959
1386279
1386377
1386479
1387605
1387811
1388342
1388678
1390289
1390683
1390912
1397087
1397508
1398806
1406082
1406468
1407470
1407615
1407673
1408966
1409360
1410998
1411197
1413643
1415659
1419462
1432053
1433381
1434636
1435092
1438709
1440965
1441070
1442082
1445515
1447381
1449206
1450478
1452372
1452436
1454260
1454611
1459249
1468121
1468924
1469228
1475374
1479901
1482408
1482784
1484467
1487227
1487575
1489431
1489862
1489986
1490556
1495060
1495192
1496295
1499103
1499716
1500301
1501595
1503521
1504579
1504770
1504926
1505189
1507408
1508129
1508465
1509016
1513407
1513679
1514162
1514805
1514826
1514850
1514936
1515497
1516836
1518157
1518367
1521511
1521602
1522139
1522543
1523188
1523347
1523479
1523556
1523604
1524043
1524699
1525084
1538347
1538448
1604372
1646189
1646259
1646441
1657945
1662027
1662889
1680461
1710013
1723444
1728598
1728971
1733028
1733709
1734056
1762930
1764130
1765026
1766300
1766811
1769162
1775448
1823195
1833216
1833657
1835408
1841420
1841594
1849441
1860041
1860262
1861022
1862889
1862951
1872565
1874093
1879757
1884506
1890199
1894394
1894491
1899222
1900317
1902092
1910541
1927704
1931905
1941550
2015599
2080562
2138276
2165586
2165614
2198535
2220471
2223940
2245625
2253591
2274892
2296170
2353126
2406462
2430307
2430336
2474068
2474089
2495465
2572698
2581297
2605167
2618705
2623378
2639489
2639549
2639806
2640155
2647133
2648781
2653949
2658870
2664492
2666000
2668659
2668787
2678743
2697274
2699115
2701299
2702454
2703692
2787689
2787938
2789036
2789887
2799738
2820073
2922656
2941979
3022370
3029805
3052792
3060989
3079640
3080209
3081086
3088347
3090385
3102585
3109694
3150570
3161281
3165135
3175597
3186774
3211160
3213856
3214498
3214882
3219013
3219329
3225218
3227832
3231722
3232684
3234958
3254393
3254478
3254968
3255427
3258770
3260824
3262056
3262123
3263479
3264768
3283529
3284752
3287426
3293589
3297678
3298885
3305746
3307184
3308495
3309319
3309862
3312940
3313161
3317613
3317615
3322693
3325309
3331984
3332462
3335116
3335394
3336148
3344095
3345057
3345333
3349813
3353342
3353362
3354234
3357186
3367395
3369189
3370905
3378201
3382742
3403577
3406257
3406770
3407107
3407633
3408266
3418269
3419009
3419425
3425175
3430792
3439404
3483996
3496878
3498115
3498447
3498471
3518138
3531713
3532288
3548430
3559532
3559609
3560220
3565447
3566003
3567682
3574459
3576603
3576774
3578217
3585183
3586910
3587039
3587044
3604280
3618716
3624900
3627139
3629165
3632111
3632176
3633420
3649396
3654202
3658876
3674710
3682723
3688359
3688534
3688888
3689599
3693950
3696495
3696498
3699795
3701290
3701540
3716239
3716506
3717092
3719983
3720033
3721638
3735674
3738082
3739160
3739413
3743688
3745756
3746017
3746163
3746188
3746790
3746927
3747856
3749190
3749965
3752448
3756638
3758481
3759953
3760626
3761257
3761700
3762175
3762247
3771429
3773148
3773601
3774603
3779187
3779733
3780050
3780552
3785220
3785572
3786877
3788013
3794066
3795433
3797836
3799393
3799660
3799925
3799958
3801128
3815303
3824095
3826277
3833945
3838372
3853094
3859987
3862134
3866866
3866966
3869051
3876707
3876811
3877374
3877600
3878118
3879052
3879244
3880522
3885295
3885501
3887936
3888788
3891085
3891479
3902550
3907577
3917845
3918314
3918537
3920924
3922430
3922829
3923533
3924341
3925576
3927603
3927761
3957746
3959361
3959435
3959629
3961802
3962229
3965891
3966214
3971462
3974517
3977113
3982941
4004710
4017351
4019477
4024295
4029097
4032939
4035629
4035643
4037516
4040544
4043552
4044065
4044563
4044881
4045191
4048608
4055241
4069722
4070310
4071079
4071535
4071600
4072769
4072942
4073628
4145914
4148936
4156000
4353273
4353602
4420457
4421121
4425307
4430436
4573597
4576268
4580073
4642365
4642866
4643862
4657801
4660980
4717195
4725632
4726808
4734149
4740235
4740727
4756510
4756780
4763737
4767286
4768122
4768989
4771336
4776585
4777711
4779079
4779864
4792340
4793574
4797314
4798135
4798825
4801712
4805462
4805587
4808116
4808133
4808318
4811880
4812784
4825437
4828096
4828276
4828535
4829262
4830107
4838512
4839865
4842053
4842459
4848257
4849791
4861098
4861533
4862541
4863669
4863892
4865788
4865802
4866867
4867029
4869258
4877527
4877782
4877813
4879849
4880796
4903575
4903785
4904055
4904191
4904278
4904296
4904369
4904376
4909092
4910953
4914165
4916324
4920144
4920965
4922413
4949467
4950914
4951467
4961581
4971579
4971617
4981582
4982244
4983052
4985087
4986161
4987308
4994487
5000436
5004223
5017843
5018555
5032325
5034714
5046010
5050017
5051298
5055627
5062788
5063093
5064185
5066956
5078191
5083845
5094273
5095175
5096092
5096802
5096830
5098173
5098320
5098384
5100076
5100113
5102726
5102891
5102970
5103628
5103836
5105632
5106029
5106268
5108987
5110382
5110524
5111129
5111872
5111937
5138824
5139326
5139369
5139549
5141853
5142178
5143695
5143774
5143906
5143922
5143999
5149280
5149372
5150132
5151900
5153487
5155730
5156670
5158484
5161832
5163411
5167185
5169484
5174455
5178073
5179172
5180291
5181502
5182782
5183166
5184841
5192344
5192534
5193245
5193509
5195365
5196312
5198532
5200419
5202763
5203711
5204233
5208820
5211596
5212356
5212412
5212413
5214591
5215692
5216794
5221434
5225144
5230183
5236763
5237214
5237759
5247289
5247591
5248454
5250348
5251093
5252330
5252414
5253869
5254482
5254805
5257303
5260215
5260221
5263681
5268134
5274618
5275474
5275760
5276274
5277815
5279172
5279195
5279238
5280568
5288811
5325468
5326306
5326614
5327018
5328416
5334674
5334962
5336045
5336149
5364529
5364592
5367940
5368693
5370389
5370795
5371140
5373871
5377494
5378737
5379424
5403030
5406153
5406704
5406984
5407699
5409096
5409980
5410439
5410624
5415907
5415993
5416368
5417724
5417842
5423508
5423538
5423959
5424353
5426902
5427009
5433523
5437131
5437429
5442745
5443255
5444416
5444978
5446261
5446417
5446715
5450383
5452312
5457029
5459413
5460363
5460797
5460800
5461468
5461557
5468222
5469029
5478749
5479227
5487365
5487728
5490930
5492905
5493184
5493351
5495115
5500774
5506056
5510828
5513044
5535553
5537442
5540747
5541898
5541926
5542246
5542468
5547403
5558789
5571358
5572162
5573456
5587031
5589298
5589904
5590217
5604576
5604577
5605159
5630637
5631529
5639154
5643845
5665520
5667590
5668143
5668809
5669272
5673409
5674468
5675271
5676288
5676665
5676802
5680713
5680912
5685057
5685237
5685626
5685917
5687313
5700133
5712293
5714585
5716206
5718714
5718920
5724921
5725724
5726448
5729056
5729539
5731429
5733069
5734102
5737977
5740576
5743603
5743654
5746316
5746665
5748095
5750793
5753383
5754484
5756729
5758121
5760417
5762131
5762336
5766225
5769629
5769727
5771155
5772445
5772481
5772671
5772674
5773197
5775115
5790661
5791793
5792492
5795054
5795390
5800337
5800515
5805584
5807272
5810286
5818084
5821661
5830415
5830452
5830458
5830714
5830812
5830836
5834682
5835087
5843895
5844730
5846560
5846790
5847055
5851067
5853696
5856063
5861195
5869523
5873838
5885270
5885295
5885601
5889716
5895477
5899015
5902852
5922089
5922491
5925422
5927787
5929754
5930148
5938430
5941318
5944042
5946562
5959739
5959751
5960629
5970139
5974299
5980159
5983806
5996085
5997423
6000360
6004694
6030735
6032485
6033812
6046141
6057773
6071283
6095951
6109659
6145953
6148387
6165891
6168760
6181312
6203489
6214856
6235086
6235259
6235488
6242761
6277066
6278172
6305606
6344011
6353997
6354481
6355841
6363954
6367721
6377016
6384300
6384881
6385622
6385630
6388782
6398462
6412111
6425170
6427209
6430966
6433352
6451135
6454315
6455410
6455654
6468111
6494380
6496703
6500319
6502968
6514157
6521088
6528607
6530297
6531565
6531646
6537974
6538964
6540780
6540881
6548372
6550804
6551214
6551546
6552332
6569361
6571867
6574673
6574938
6578684
6583873
6584130
6585001
6585024
6585188
6585418
6585419
6585731
6591366
6596978
6599096
6601906
6613305
6614817
6615472
6615480
6627067
6628020
6644429
6646039
6649891
6650244
6652831
6654816
6664862
6668066
6669661
6670207
6670250
6671459
6673745
6675816
6676212
6677627
6681575
6682025
6682533
6692588
6693766
6695169
6695358
6699736
6700942
6701006
6701080
6704941
6715763
6716486
6721327
6722195
6724882
6726194
6736809
6741100
6744420
6766420
6766421
6771233
6772489
6773036
6775282
6775664
6778054
6778816
6778906
6792166
6797176
6815240
6820092
6821436
6830891
6831907
6841248
6864829
6867459
6870340
6872651
6874874
6874941
6875179
6886326
6894384
6905322
6907158
6925028
6942978
6944139
6945527
6950829
6952279
6956252
6956658
6957936
6980919
7012353
7020676
7023409
7024567
7026598
7027000
7037062
7047740
7050193
7093066
7097436
7097845
7104425
7110262
7122365
7165257
7171720
7175164
7195043
7196350
7205278
7207779
7232480
7237926
7239860
7244334
7267722
7268175
7278921
7291089
7299584
7301475
7301502
7305871
7313189
7324546
7358351
7362313
7375976
7377425
7380567
7381219
7390992
7400714
7405463
7406290
7415409
7441821
7441995
7448166
7453004
7460544
7465410
7467462
7467693
7470732
7471451
7475092
7478770
7479236
7493185
7503485
7504075
7505878
7506197
7509793
7513657
7524792
7527733
7537033
7538789
7548844
7555990
7556720
7558121
7595389
7596026
7606642
7610902
7611134
7620741
7626172
7663547
7675991
7682335
7691104
7692288
7706035
7720482
7720608
7722351
7723790
7733576
7733659
7734287
7743999
7744140
7745521
7749526
7750475
7766402
7769392
7772763
7773781
7779128
7780722
7782106
7785560
7785574
7791282
7793829
7794256
7804388
7809791
7811933
7813242
7818908
7820236
7828277
7828397
7850705
7850856
7850858
7851263
7852285
7854891
7855303
7857769
7858064
7860425
7860540
7864726
7870977
7877082
7879466
7881433
7883885
7887672
7888953
7890629
7891594
7911660
7919697
7926528
7928154
7928266
7932588
7932740
7956794
7975346
8031673
8045262
8048820
8058356
8059885
8060306
8062688
8063224
8068259
8071923
8072704
8074639
8076567
8077177
8081801
8082822
8083589
8085506
8086691
8086729
8087297
8093719
8094061
8098632
8101853
8103774
8111481
8114828
8116406
8116748
8118024
8118045
8122897
8123096
8123444
8123455
8125290
8132246
8144601
8148306
8149178
8149334
8152886
8153283
8154325
8156918
8157023
8158496
8168254
8170616
8171851
8178520
8178548
8179404
8179420
8182153
8184279
8185252
8185316
8191841
8192456
8197528
8197981
8198240
8198295
8211500
8234543
8237279
8244477
8250452
8251987
8252090
8254329
8272618
8273090
8273983
8274102
8290902
8290997
8296342
8296503
8304660
8306475
8307874
8307971
8308463
8311318
8317855
8318274
8318406
8319431
8319724
8319828
8320103
8331964
8424617
8475050
8487458
8513727
8513960
8514555
8516493
8516673
8521373
8526226
8529221
8535914
8543905
8544443
8555705
8559566
8570289
8576609
8576748
8577092
8578622
8598552
8609198
8611305
8612906
8614231
8618098
8622495
8622738
8629843
8636815
8640068
8641703
8648400
8649131
8662881
8663836
8665387
8673285
8676693
8690234
8691986
8695160
8698363
8698944
8699501
8700551
8701419
8702301
8703196
8703846
8703849
8704022
8705081
8705450
8708791
8713347
8718268
8721102
8756532
8784200
8789340
8791527
8804393
8805092
8805532
8806863
8825966
8830978
8838227
8847472
8854283
8855106
8860739
8861531
8863376
8869507
8874362
8877589
8883351
8884436
8888059
8890283
8896376
8904406
8909155
8909307
8910594
8910853
8917529
8918660
8919925
8919939
8925150
8932717
8936224
8949641
8967792
8977289
8978848
8979911
8983369
8983382
8983383
8991860
8992693
8997746
9001006
9007331
9012763
9013041
9013945
9016604
9027481
9029505
9031067
9038883
9044033
9051924
9054463
9064072
9066722
9067626
9080737
9082956
9083241
9083673
9084390
9084499
9084551
9089012
9091900
9095645
9096037
9096690
9099745
9104574
9105135
9105622
9110142
9110989
9111946
9112732
9113218
9120543
9122965
9130012
9135174
9150637
9153201
9167902
9173418
9179066
9183671
9183759
9187506
9189508
9194649
9201300
9207380
9209002
9211011
9220234
9223163
9223747
9224466
9225543
9225737
9227112
9228266
9228328
9229291
9229301
9229760
9230968
9230997
9231119
9242656
9243658
9252991
9253072
9253092
9253499
9254316
9255531
9256131
9258324
9258363
9258514
9260280
9262111
9263748
9264932
9266862
9267954
9282578
9289893
9293858
9294339
9296283
9297413
9297545
9302837
9305369
9305681
9305684
9336627
9339477
9354062
9390920
9392237
9411532
9417616
9423586
9434075
9442616
9442643
9448455
9451610
9452191
9452288
9453937
9454834
9455315
9459860
9463135
9470671
9475893
9480003
9497791
9510354
9513245
9516427
9519722
9520080
9521948
9531949
9536208
9551934
9576349
10011187
10013900
10021937
10022506
10022894
10023995
10025062
10025070
10025755
10026966
10027201
10027202
10027203
10027991
10029090
10030832
10031553