200769
234559
234992
235752
237325
237751
245362
258070
261045
261746
262731
262883
264316
266071
283336
395460
397125
397655
430666
565814
829163
844741
1016079
1033674
1049199
1111876
1113286
1176209
1202906
1239481
1241168
1246268
1252870
1259166
1285362
1285516
1289807
1295112
1295615
1334165
1342003
1346584
1358171
1365815
1378123
1465166
1498797
1515605
1516915
1517700
1519546
1521418
1523528
1524316
1524810
1525719
1570666
1752801
1770519
1822868
1831864
1838741
1863125
1867366
1893550
1905563
2583933
2669194
3075333
3112994
3166069
3175952
3183274
3220687
3246520
3259410
3262212
3272579
3274454
3286696
3288270
3295597
3312851
3343151
3370460
3408604
3414891
3423085
3458103
3510349
3544087
3559177
3575530
3585902
3587881
3649080
3649244
3659740
3700449
3701424
3705185
3735830
3757694
3769117
3769190
3772249
3788299
3855279
3866511
3871150
3873072
3873086
3873926
3925962
3956152
3957285
3961881
4029680
4031033
4032624
4046037
4399095
4432906
4482575
4491571
4505132
4650227
4652518
4698215
4731447
4742793
4772038
4772416
4783826
4784256
4796024
4799756
4815467
4819589
4819682
4830097
4901155
4904289
4907646
4909674
4910197
4910405
4919660
4919771
4928279
4930162
4947784
4951318
4982006
4987519
4988683
4991392
4999110
5004946
5006435
5032042
5055761
5064902
5072892
5102743
5108860
5133722
5134610
5139116
5142703
5161558
5171446
5180385
5185770
5193783
5195801
5202420
5203873
5216187
5223174
5226022
5226563
5247665
5249355
5261221
5262002
5265631
5270552
5271559
5282131
5322873
5325440
5330236
5367662
5402713
5403658
5403963
5405553
5407210
5408818
5416123
5427908
5437245
5442678
5446991
5457424
5462721
5468037
5478773
5480694
5482730
5482978
5484548
5486512
5487386
5496787
5497332
5510856
5516741
5524057
5537410
5541418
5542012
5542192
5559655
5571068
5572640
5605643
5610552
5644119
5669540
5671859
5676244
5690804
5698047
5698143
5699890
5719005
5731396
5732555
5741637
5746330
5748374
5750694
5761294
5763517
5764068
5768323
5791161
5793710
5797682
5835515
5877101
5899245
5900744
5921605
5928171
5942553
5966399
5969650
6016223
6022662
6035496
6117165
6130737
6283549
6286443
6370928
6382260
6398653
6425649
6434906
6435050
6436776
6440140
6457923
6468687
6519580
6521103
6522429
6524870
6525413
6527136
6538262
6541082
6546807
6565788
6573178
6573947
6575914
6577357
6580418
6601425
6603318
6610972
6627086
6634044
6638137
6644807
6646044
6651896
6661931
6665244
6665604
6668979
6687215
6704439
6716046
6764203
6766448
6772466
6775353
6862945
6870945
6902826
6903803
6906560
6907192
6925587
6928813
6943238
6945815
6950822
6990626
6999242
7026945
7037211
7037425
7038617
7052580
7061547
7097864
7102607
7152146
7183166
7211655
7218554
7219275
7249561
7308448
7323079
7404395
7441459
7443085
7457179
7471444
7580154
7606673
7608682
7677354
7684320
7692036
7704148
7705366
7706128
7718246
7748827
7795328
7795588
7802343
7814621
7817423
7821533
7824399
7855330
7855734
7883145
7889410
7899402
7932284
7939402
7960293
7983042
8038076
8049203
8049660
8058297
8072598
8086291
8091720
8098037
8119083
8119481
8126336
8130785
8148756
8157929
8158486
8170872
8174802
8182101
8182538
8196144
8196245
8287465
8289073
8304620
8306845
8312573
8316070
8317625
8317827
8318421
8330733
8516038
8530560
8562792
8564930
8579323
8581205
8613513
8616975
8625153
8626546
8627206
8631062
8646949
8648124
8649042
8661929
8675589
8684798
8692596
8692940
8695895
8698893
8703280
8706572
8716499
8720992
8721193
8723238
8730130
8760024
8764075
8764534
8772265
8786647
8788280
8788977
8818486
8822027
8836190
8847181
8863290
8868679
8872733
8875100
8877737
8882031
8883309
8883372
8884193
8887731
8889285
8901931
8910544
8921299
8921351
8935599
8944600
8945375
8976158
8980923
8997441
9000203
9013012
9029228
9044582
9047631
9065734
9082496
9095814
9098185
9105992
9109147
9126560
9135859
9149280
9149733
9168329
9175525
9182423
9182578
9185547
9200772
9209036
9228926
9229254
9230963
9231505
9232059
9236451
9250958
9251190
9262082
9264119
9265056
9267997
9293565
9302279
9322213
9328015
9341581
9344741
9353832
9354578
9355522
9357113
9391971
9406253
9417445
9417949
9431206
9438733
9441928
9442091
9456330
9460004
9462359
9472100
9476052
9493775
9509473
9521116
9522131
9522368
9536970
9542872
10012124
10016434
10016686
10020943
10021139
10021451
10022072
10022085
10022158
10022432
10027192
10027805
10028142