4043250
8859042
9475832
5573262
1936369
3913177
6607453
9521994
3600624
3891729
834106
5322633
4432301
9250823
8332531
1044457
5796472
8649045
5287569
8256271
1329342
828188
5506748
9448911
8117989
7240828
5469194
7547199
1279912
6426354
3575330
8977244
9256505
7743944
5196492
9520508
4815975
3276860
8927301
7509276
6615487
5142895
7290888
7182737
8319819
8883669
7691712
8805905
6517227
1914386
5102691
4657583
5750402
1179117
5420119
262507
6764980
7461377
9521392
7441873
937297
1280201
1034084
5206560
8023637
4767747
5882716
9440742
8622459
8275782
6794612
5820801
9429519
5277923
6553095
5816190
1032420
5452674
3310051
3576197
7621859
3891433
5852263
4950024
9262085
5961050
3719057
5378331
3441547
5808347
1375049
1895396
7517662
6956087
10020154
3218995
7553795
1499191
3630333
6742863
7453009
397414
2581107
4781248
8270998
3828097
1020287
7701696
1887900
7205226
5198014
5032193
7529362
3891686
10020374
2679795
9476086
4867353
5156448
6298954
5796159
8691275
3851474
6572050
5529938
9135486
5488381
8271057
794121
5923666
8131791
3655215
7375258
1242966
3248001
4588588
8101860
1771082
3885661
9069914
6629330
1047865
2763404
9227202
5724081
6779169
2689059
237133
7899559
9010362
6612583
3866902
6817722
5589124
8070513
5482387
4042456
6571895
7825356
4726399
7876128
5796849
5047519
6633036
7231000
9098896
4592221
1055810
5189669
7535173
8190476
1330361
1658214
1057112
8895657
3380035
7461186
5770541
5443183
5104202
1173644
4685626
1246442
1033819
5411236
3645591
8986285
3426888
5099813
394308
400018
5733843
3924370
2763526
6612976
4056333
5795489
7008441
7446446
5736529
4055848
6029677
8564131
5791934
8228904
8076328
6612563
7323752
6911283
5506679
9262732
9082602
1591921
833960
5096111
3719044
4652576
5051865
9462543
1084518
5573788
9423309
4935406
4808650
2581305
8299724
9480230
4800946
9027899
1042275
8801972
3300600
6626841
5901017
7851208
9448006
1291604
9536345
4829737
6157997
8642256
10018369
1451246
1241799
6455635
6296217
9211050
6387434
6004861
7444463
6774949
8877592
3761524
8962512
2404279
1340810
5254100
2758597
8676683
8061551
1523882
4814859
8757060
7522974
9055038
9141285
2672252
6335364
8704371
2702779
5045993
397842
3299923
3332631
3751705
7241773
2646817
2831596
5643742
1385368
4907887
9576509
2655158
7933275
4686098
9320877
9240343
2701607
8859361
5989997
6023596
10026460
3697683
9519748
5888876
9416145
3793534
1027237
7806742
1290115
8991792
1368841
8865054
6874535
5772082
9403547
1329861
5100368
7976547
7869817
6000568
6510881
1500361
9475831
8291073
5369982
7107375
9144734
836374
1116031