234757
262313
265963
395263
423208
1024317
1056500
1060186
1154877
1198309
1200893
1297185
1339854
1389567
1491964
1516838
1525825
1686186
1774507
1857475
1997322
2813687
3179682
3190088
3422196
3460755
3569919
3650398
3700000
3780536
3792617
3843224
4027053
4034826
4045346
4050206
4136318
4534501
4782597
5062928
5192527
5223181
5239488
5246382
5251611
5260180
5479946
5490871
5510032
5532885
5643287
5747227
5851009
5865677
5901470
5936719
5942816
5942962
6216436
6232276
6235457
6341997
6355601
6382057
6409166
6428754
6453659
6529925
6554032
6576647
6595434
6659428
6821918
6904970
7043076
7062103
7171193
7204083
7278556
7320367
7438920
7441910
7479152
7513510
7593047
7744218
7780842
7807397
7818911
7936162
8059879
8070611
8091551
8147568
8187457
8281556
8444956
8619027
8622275
8662056
8767149
8789157
8802332
8865267
8865563
8877449
8904792
9009195
9070293
9084036
9158957
9184696
9207230
9209465
9227783
9250715
9263185
9263725
9301996
9302217
9417923
9448265
9467289
9514452
10018631
10024277
10025320