142294
186095
186402
201254
202009
234007
234767
235248
237034
237459
238067
238187
249954
256349
256530
260913
262180
262610
262997
264004
265712
266266
266733
266770
272523
283347
284073
284617
382283
395163
397030
398039
398953
399212
399426
402104
406723
424708
828871
833398
834976
835869
836269
850070
851433
896480
896793
904640
937317
979423
987841
988672
992223
992916
998189
1001457
1005876
1008125
1011400
1016281
1017474
1020557
1020882
1021009
1022970
1024354
1031949
1032005
1032335
1032876
1033072
1035783
1036268
1036398
1053966
1070607
1071322
1080321
1083713
1097586
1101486
1112906
1116992
1145045
1145132
1150766
1153002
1157120
1160395
1171503
1174329
1175083
1175462
1180881
1198420
1198680
1198729
1198800
1199022
1200277
1200460
1202084
1205853
1206905
1207116
1241785
1243286
1244455
1245399
1246089
1246585
1247281
1249664
1250279
1250495
1251892
1263216
1269631
1270147
1271056
1277742
1280253
1282949
1288844
1291121
1291335
1292948
1293137
1297551
1316709
1316875
1317531
1325275
1325687
1329124
1332142
1333699
1337126
1338328
1339157
1340526
1340955
1341576
1342092
1343681
1345153
1345470
1347827
1349683
1354959
1355600
1356089
1357230
1357568
1357585
1361370
1365106
1365411
1368149
1368967
1373764
1374957
1375291
1377661
1381791
1383010
1384230
1384395
1387701
1387852
1388193
1388307
1390553
1396942
1398107
1416522
1418292
1433153
1434032
1437430
1439803
1450396
1451695
1462714
1496022
1500276
1506703
1509494
1510174
1513689
1514099
1514437
1514758
1515517
1515565
1516175
1517830
1518531
1521061
1522004
1522016
1522381
1522938
1525748
1526250
1554800
1645458
1645970
1646440
1658779
1661112
1664652
1690418
1710188
1716781
1732941
1776634
1825143
1825848
1837420
1874072
1884324
1887561
1894630
1903188
1909985
1930647
1930913
1977343
2052440
2140314
2197398
2247565
2353744
2406133
2450965
2458695
2564040
2573048
2581020
2640612
2640915
2646373
2651469
2660139
2683151
2686507
2699129
2701060
2717946
2748089
2761322
2762047
2796549
2800011
2801900
2821983
2896775
2964279
3079427
3086003
3149882
3155566
3186760
3214259
3215872
3220623
3223648
3229950
3231948
3232770
3234175
3246197
3247168
3256910
3257884
3258994
3260692
3260808
3261933
3263264
3270246
3276345
3277828
3281456
3283991
3284887
3285613
3285936
3298579
3306529
3310605
3312735
3317540
3324865
3325044
3334396
3357843
3369870
3371061
3384274
3390162
3391379
3409471
3410870
3418909
3428032
3430080
3439184
3443516
3443898
3445048
3457702
3472936
3474019
3483869
3498863
3531782
3548440
3574250
3576773
3579255
3579305
3587042
3598552
3608343
3619695
3624917
3627756
3630898
3632319
3633249
3634673
3636688
3645463
3649012
3656291
3657346
3659788
3682569
3696063
3700444
3713787
3716093
3716823
3734207
3737064
3741500
3743531
3747348
3752548
3756010
3756284
3762316
3765296
3770908
3778192
3778762
3782293
3787199
3792365
3794188
3799224
3800797
3800871
3801252
3801516
3817202
3818572
3819066
3823479
3831222
3845628
3850031
3853304
3864181
3877125
3879211
3880167
3880213
3885174
3887175
3890276
3890623
3904216
3909074
3910193
3927764
3932148
3962168
3976746
4009544
4032881
4039133
4040776
4047204
4053407
4058308
4069265
4069950
4071563
4071568
4072115
4073433
4073691
4073692
4084855
4085123
4095511
4125470
4144467
4150111
4150823
4353029
4419981
4420767
4421441
4426208
4427123
4449218
4465630
4573029
4573045
4574921
4574926
4652353
4652552
4656493
4660108
4660909
4686271
4724992
4728429
4739759
4740579
4740661
4756156
4756626
4759790
4760122
4764780
4765943
4775218
4777828
4783779
4784741
4787011
4793292
4800277
4801503
4802027
4804052
4811300
4812595
4824895
4825193
4838390
4839098
4842615
4844992
4845169
4848405
4849822
4861043
4861103
4863678
4877933
4880026
4880684
4901164
4904350
4904563
4907788
4909269
4909667
4911057
4915249
4915869
4921488
4921538
4925892
4929660
4934493
4934752
4935399
4987746
4988703
4990592
4991908
4998050
5009618
5013581
5016673
5033366
5045178
5048644
5052980
5054849
5055750
5055864
5057913
5068979
5070675
5082539
5095042
5100074
5103997
5104865
5104977
5105211
5108874
5109238
5109949
5111466
5133976
5140044
5140301
5141545
5143518
5143843
5144227
5149500
5150356
5154139
5154544
5158620
5162296
5163318
5165094
5168178
5170910
5178318
5180476
5186620
5188216
5189795
5196548
5198548
5203331
5203690
5205586
5209853
5211683
5224863
5230389
5237144
5237296
5237323
5247623
5250537
5250686
5251236
5253512
5259027
5259337
5260645
5261305
5270815
5277851
5283884
5286632
5288536
5322647
5322655
5323021
5323441
5327905
5329976
5334550
5336133
5336178
5364530
5365071
5370534
5373694
5377269
5378057
5400772
5400777
5400965
5403023
5410675
5411016
5412684
5421342
5427088
5428278
5433217
5437348
5437931
5448679
5450955
5454703
5454858
5457318
5457501
5459408
5460787
5467603
5468054
5471991
5477760
5478803
5479500
5480486
5480849
5482519
5487783
5490272
5491081
5498515
5510740
5510840
5521737
5530122
5533095
5537187
5539361
5547364
5553935
5563878
5568695
5569319
5570045
5586716
5589109
5604038
5604097
5604947
5637961
5642864
5643427
5669204
5671298
5673416
5675294
5676108
5684760
5685250
5685822
5686765
5693674
5698810
5701712
5703779
5715552
5716853
5718713
5719071
5722265
5726650
5728252
5730431
5732202
5739269
5739366
5743313
5748378
5757336
5760314
5760740
5769526
5771969
5772483
5772484
5773037
5773093
5773126
5773331
5785677
5786149
5791146
5795024
5799707
5805328
5805718
5807249
5808419
5808935
5809223
5816556
5826299
5828950
5830418
5832356
5834288
5836513
5844287
5844535
5854165
5858540
5864025
5864598
5864696
5869458
5877048
5884855
5889666
5897920
5900235
5900489
5900497
5918730
5920063
5921624
5922166
5922259
5927298
5927514
5928207
5928232
5928237
5929078
5943372
5943395
5950419
5957635
5964369
5974296
5974302
5975922
5981042
5982804
5997011
5997374
5997824
6000018
6000633
6000739
6004108
6005280
6006625
6023654
6024350
6031619
6035337
6067740
6069654
6071158
6092891
6101943
6112399
6115909
6137734
6150627
6153414
6158576
6165341
6186645
6187402
6188671
6197495
6230426
6241019
6241890
6243917
6254696
6267268
6275527
6282894
6301526
6307989
6317699
6318373
6331002
6339430
6350597
6350949
6355527
6368268
6370623
6375875
6377635
6379917
6383760
6384601
6390140
6390439
6409384
6426801
6427159
6427259
6432152
6434691
6438304
6443428
6454023
6502796
6507876
6513911
6517025
6518913
6522428
6525332
6531563
6532247
6537412
6538318
6538481
6538587
6544828
6546809
6552358
6553080
6555568
6569467
6570445
6571310
6572620
6573188
6573237
6575273
6575406
6576619
6581062
6584247
6584640
6584656
6585187
6585472
6587197
6590357
6591698
6593559
6599241
6600527
6601423
6603286
6610729
6621770
6627212
6629949
6631177
6632728
6633020
6636711
6646131
6652293
6654005
6669480
6671611
6671758
6674037
6674140
6675407
6676674
6676945
6681890
6693756
6694991
6695029
6696860
6697502
6702520
6702892
6704935
6710507
6726190
6728751
6741578
6744940
6757866
6768776
6770925
6772493
6775478
6777161
6779031
6806845
6809138
6815016
6817301
6821460
6822371
6824964
6833054
6851932
6852820
6868775
6873582
6874474
6885959
6886751
6889187
6897304
6901775
6907180
6907731
6907795
6922349
6925952
6928429
6942986
6945825
6950785
6951468
6955766
6959576
6980921
6982912
6988726
6992582
6992753
6993801
6996358
6998091
7004243
7008257
7018036
7025640
7028073
7031188
7031751
7032612
7034089
7040882
7055024
7058942
7092698
7095933
7105661
7106560
7118793
7120053
7123497
7124115
7143170
7166039
7181852
7185768
7198589
7203593
7207262
7211760
7213698
7221327
7231648
7233470
7237657
7244537
7245921
7258102
7267305
7267431
7268535
7279689
7286840
7319326
7326471
7364188
7376127
7380940
7410249
7438076
7441911
7459283
7470862
7479910
7505510
7506193
7516721
7516796
7526850
7528187
7529767
7531769
7535209
7538726
7540675
7544973
7550497
7556438
7556991
7565023
7568994
7584342
7605700
7605907
7606635
7644295
7656428
7683202
7689818
7691293
7691318
7698543
7705826
7706087
7717492
7735236
7761088
7770429
7771481
7778158
7784202
7785405
7787654
7798438
7799680
7802215
7813480
7815020
7820298
7825523
7826802
7851907
7852408
7854568
7857099
7866480
7883665
7885906
7888429
7891225
7895856
7897910
7900310
7907970
7912145
7914651
7918042
7923721
7935256
7936956
7938071
7971401
7971518
7978250
7983367
8023550
8057744
8069908
8071742
8075168
8077367
8079156
8080576
8080667
8085564
8086310
8086517
8088291
8097895
8098462
8101119
8108702
8111581
8116469
8118762
8118969
8119059
8120426
8121929
8122784
8123062
8129600
8130884
8131800
8151751
8166778
8166925
8172684
8175343
8177392
8181001
8183922
8185323
8185899
8187553
8191717
8195628
8196816
8197600
8198314
8199153
8199667
8203204
8204669
8204908
8209008
8210188
8211053
8234233
8253539
8256468
8280965
8281088
8281148
8281609
8291011
8292227
8296558
8304636
8306498
8307172
8307217
8307833
8310493
8318703
8319765
8319842
8450516
8474374
8474805
8476797
8514264
8514510
8519370
8519785
8519952
8522966
8528069
8528873
8530482
8530503
8535902
8535907
8536888
8541486
8554170
8569933
8576462
8577322
8579754
8588390
8612062
8612084
8613276
8614115
8615096
8616284
8618150
8626643
8629557
8648148
8649534
8662257
8667654
8668129
8668139
8673499
8686837
8692891
8698405
8713641
8716135
8716570
8716924
8718388
8754882
8767282
8768123
8772488
8778456
8784854
8805737
8805870
8806908
8814206
8816020
8817971
8818107
8818675
8821192
8822003
8832668
8834812
8839319
8839444
8847745
8849509
8852546
8854826
8861802
8863371
8874194
8877034
8877186
8887882
8888012
8888636
8893949
8906662
8907887
8908270
8917109
8919890
8920913
8937823
8941326
8967066
8971561
8976627
8977189
8981843
8982711
8983146
8986757
8991875
8993803
8994774
8994919
8997208
8997733
9007581
9008733
9012747
9013375
9013983
9014827
9016216
9030712
9031253
9032086
9038465
9042604
9044015
9044194
9044612
9048338
9059748
9063685
9066731
9066813
9067589
9069942
9070137
9074996
9082495
9085055
9087504
9093768
9094516
9094543
9094886
9098639
9106025
9106851
9107393
9109308
9109382
9111583
9127893
9129933
9131698
9134236
9135563
9136048
9136953
9139242
9144633
9145417
9147160
9148841
9149349
9152228
9155904
9158997
9168570
9179193
9179276
9182601
9183680
9200431
9203865
9204077
9211180
9213399
9215678
9223087
9225927
9226103
9226838
9227160
9227225
9227227
9228811
9231039
9231844
9231897
9235896
9243016
9247934
9250967
9252969
9253091
9253507
9255507
9257367
9258039
9260111
9262299
9267410
9270274
9273489
9278182
9293488
9293562
9293748
9294693
9295020
9297787
9301881
9301955
9301981
9302498
9304608
9304725
9305272
9305677
9318723
9328493
9333199
9334329
9334631
9344736
9352242
9355487
9356187
9380503
9392516
9396252
9397001
9397026
9406085
9406556
9406857
9412889
9417397
9417883
9417895
9423334
9429649
9431191
9433173
9433419
9434013
9434062
9434566
9434597
9437291
9437299
9439591
9440772
9441001
9442596
9446461
9447842
9448246
9449613
9450198
9451357
9453891
9455611
9460118
9460881
9461425
9462930
9462975
9463144
9463213
9463953
9475825
9476202
9479410
9479620
9492069
9492679
9492749
9492757
9492829
9493581
9497530
9499259
9516552
9518671
9521468
9532042
9535441
9537380
9537406
9544132
9577615
9577753
10016249
10016855
10017838
10018709
10019041
10019363
10019621
10019783
10019890
10020703
10021162
10021973
10022123
10022202
10022279
10023823
10024344
10024378
10024384
10027125
10028047
10028428
10030214
10035789